300 0.4861676 6.2E-06
301 0.8001623 2.4E-06
302 0.9106895 1.3E-06
303 0.8494689 4.1E-06
304 0.7800951 0.0001205
305 0.9722071 5.2E-06
306 0.9803965 6.8E-06
307 0.9846674 6.79E-05
308 0.9877173 5.87E-05
309 0.9897754 0.0001362
310 0.9862806 0.0016746
311 0.9919383 0.0004131
312 0.9916318 0.0005271
313 0.9939754 3.53E-05
314 0.9945332 1.61E-05
315 0.9949598 2E-05
316 0.9951157 7.03E-05
317 0.9935787 0.0003204
318 0.9952373 0.000154
319 0.9946172 0.0001738
320 0.9968176 9.5E-06
321 0.9969771 3.8E-06
322 0.9970625 3.3E-06
323 0.9971214 5.5E-06
324 0.9971426 2.19E-05
325 0.9967169 0.0003559
326 0.9928398 0.0035698
327 0.9968945 0.0003196
328 0.9972395 4.96E-05
329 0.9972759 3.18E-05
330 0.9972821 3.99E-05
331 0.9970848 2.92E-05
332 0.9968362 1.48E-05
333 0.9965052 1.13E-05
334 0.9960799 1.47E-05
335 0.9955334 3.54E-05
336 0.9946674 0.0002442
337 0.9919765 0.0019854
338 0.9918329 0.0009949
339 0.9771169 0.0015281
340 0.9872168 0.0010918
341 0.9644669 0.0070385
342 0.9928152 0.001409
343 0.9956579 0.0012807
344 0.9942775 0.0035948
345 0.9978135 0.0006705
346 0.9986722 0.0001823
347 0.9989841 0.0001209
348 0.9991326 0.0001505
349 0.9990485 0.000363
350 0.9974962 0.0019978
351 0.9948766 0.004646
352 0.9940347 0.0055133
353 0.9978307 0.0017634
354 0.999237 0.0003678
355 0.9994008 0.000177
356 0.9993366 0.0001571
357 0.9989993 0.0002488
358 0.9973811 0.0008444
359 0.9904517 0.0042406
360 0.9875568 0.0031532
361 0.9976379 0.0015334
362 0.9988682 0.0008021
363 0.9995356 0.0002561
364 0.9997237 0.0001166
365 0.9997825 8.27E-05
366 0.9997942 8.6E-05
367 0.9997591 0.000131
368 0.9995808 0.0003165
369 0.9984808 0.0014188
370 0.9966164 0.0032827
371 0.9977696 0.0021366
372 0.997861 0.0020469
373 0.9969189 0.0029863
374 0.9961658 0.0037375
375 0.9962039 0.003701
376 0.9952209 0.0046809
377 0.9939622 0.0059332
378 0.9962677 0.0036398
379 0.9971565 0.0027544
380 0.9958735 0.004034
381 0.9960114 0.0038926
382 0.9990236 0.0008852
383 0.9996198 0.0002866
384 0.9997577 0.0001455
385 0.9997964 0.0001033
386 0.999798 9.77E-05
387 0.9997672 0.0001243
388 0.9996553 0.0002317
389 0.9990134 0.000868
390 0.993159 0.006708
391 0.9991817 0.0006845
392 0.9996039 0.0002505
393 0.9996829 0.000158
394 0.9996952 0.0001316
395 0.9996851 0.0001296
396 0.9996661 0.0001418
397 0.9996405 0.0001676
398 0.9995965 0.0002183
399 0.9994952 0.0003318
400 0.9991996 0.0006466
401 0.9980982 0.001767
402 0.9951939 0.0046838
403 0.9976378 0.0022702
404 0.9987466 0.0011798
405 0.9988937 0.0010458
406 0.9982141 0.0017342
407 0.9934016 0.0065199
408 0.9973585 0.0026009
409 0.999399 0.0005698
410 0.9997283 0.000245
411 0.9998157 0.0001606
412 0.9998331 0.0001456
413 0.9997947 0.0001862
414 0.9995654 0.000417
415 0.997631 0.0023459
416 0.9977502 0.0022307
417 0.9996926 0.0002944
418 0.999862 0.0001263
419 0.9998996 8.98E-05
420 0.9998936 9.67E-05
421 0.9994958 0.0004922
422 0.999538 0.000453
423 0.9934398 0.0065192
424 0.9998264 0.0001659
425 0.9999464 4.64E-05
426 0.9999706 2.27E-05
427 0.9999788 1.48E-05
428 0.9999819 1.18E-05
429 0.9999827 1.12E-05
430 0.9999816 1.24E-05
431 0.9999775 1.61E-05
432 0.9999678 2.51E-05
433 0.9999411 4.98E-05
434 0.9998387 0.0001457
435 0.9989046 0.0010314
436 0.995318 0.0045036
437 0.9992097 0.0007702
438 0.9993951 0.0005951
439 0.9988045 0.0011873
440 0.9929585 0.007015
441 0.998857 0.0011199
442 0.9951484 0.0043786
443 0.9998502 0.0001352
444 0.9999354 5.8E-05
445 0.999955 4E-05
446 0.9999603 3.51E-05
447 0.9999584 3.7E-05
448 0.9999483 4.67E-05
449 0.999922 7.19E-05
450 0.9998482 0.000143
451 0.9995612 0.0004212
452 0.9972013 0.0027255
453 0.9941177 0.0057855
454 0.9978756 0.0021043
455 0.995601 0.0043853
456 0.9915851 0.0083958
457 0.9945606 0.0052867
458 0.9993366 0.0006283
459 0.9998616 0.0001297
460 0.9999403 5.48E-05
461 0.9999653 3.11E-05
462 0.9999757 2.12E-05
463 0.9999808 1.65E-05
464 0.999983 1.43E-05
465 0.9999836 1.38E-05
466 0.9999828 1.46E-05
467 0.9999804 1.71E-05
468 0.9999753 2.22E-05
469 0.9999648 3.26E-05
470 0.9999405 5.68E-05
471 0.9998568 0.0001403
472 0.9995224 0.0004745
473 0.9982716 0.001725
474 0.9929766 0.0070191
475 0.998955 0.0010411
476 0.9994897 0.0005059
477 0.9996008 0.0003943
478 0.9995832 0.0004104
479 0.9994451 0.000546
480 0.999035 0.0009511
481 0.9976192 0.0023494
482 0.9928053 0.0071108
483 0.9953084 0.004642
484 0.9980843 0.0018937
485 0.9988603 0.0011241
486 0.9990947 0.0008897
487 0.9990775 0.000898
488 0.998608 0.0013136
489 0.9980063 0.0019041
490 0.9976638 0.0022986
491 0.9959786 0.0039788
492 0.9937204 0.0062275
493 0.9943508 0.0056032
494 0.9960712 0.0038946
495 0.9968571 0.0031087
496 0.9966632 0.0032853
497 0.9955476 0.0043694
498 0.9954558 0.0044874
499 0.9947686 0.0051841
500 0.9933341 0.0065749
501 0.9933844 0.0065255
502 0.9950626 0.0048654
503 0.996153 0.0037792
504 0.9962797 0.003641
505 0.9965492 0.0033725
506 0.9973504 0.0025954
507 0.9976903 0.002269
508 0.9975176 0.0024453
509 0.9967524 0.0032034
510 0.9949998 0.0049358
511 0.9925078 0.0073975
512 0.9929967 0.0069114
513 0.9953402 0.0045893
514 0.996129 0.0037954
515 0.9964571 0.0034578
516 0.9977925 0.002157
517 0.9985263 0.001445
518 0.9988056 0.0011733
519 0.9988694 0.0011114
520 0.9987807 0.0012009
521 0.9985033 0.0014755
522 0.9978825 0.0020892
523 0.9964947 0.0034605
524 0.9937259 0.0061962
525 0.9925434 0.0073628
526 0.9953436 0.0045909
527 0.9968083 0.003129
528 0.9967759 0.0031442
529 0.997892 0.0020522
530 0.9988272 0.0011463
531 0.9992072 0.0007764
532 0.9993826 0.0006056
533 0.9994706 0.0005193
534 0.999514 0.0004776
535 0.9995274 0.0004648
536 0.9995177 0.0004749
537 0.9994859 0.0005067
538 0.9994293 0.0005628
539 0.9993425 0.0006493
540 0.9992137 0.0007774
541 0.999026 0.0009638
542 0.9987493 0.0012388
543 0.9983337 0.0016515
544 0.9976952 0.0022859
545 0.996685 0.00329
546 0.9950311 0.0049334
547 0.9922229 0.0077248
548 0.9872589 0.0126589
549 0.9781163 0.0217468
550 0.9606538 0.0391055
551 0.9269048 0.0726551
552 0.8635409 0.1356462
553 0.7603376 0.2382438
554 0.6378032 0.3600648
555 0.5461079 0.451229
556 0.5001087 0.496965
557 0.4725592 0.5243579
558 0.4320122 0.5646708
559 0.3487817 0.6474165
560 0.2092661 0.7861171
561 0.0747352 0.9198727
562 0.0156431 0.9786297
563 0.0071698 0.9870662
564 0.009781 0.9844839
565 0.0104925 0.9837875
566 0.0089935 0.9852865
567 0.0072833 0.9869973
568 0.0064522 0.9878357
569 0.0064929 0.9878055
570 0.0069464 0.9873629
571 0.0074198 0.986904
572 0.007763 0.9865728
573 0.0079878 0.9863593
574 0.0081397 0.9862182
575 0.0082186 0.9861496
576 0.0081834 0.9861929
577 0.0080049 0.9863803
578 0.0077105 0.9866845
579 0.0073944 0.9870086
580 0.0071865 0.9872236
581 0.0071999 0.9872215
582 0.0074805 0.9869522
583 0.0079809 0.9864644
584 0.0085708 0.9858876
585 0.0090759 0.9853951
586 0.0093396 0.9851425
587 0.0092757 0.9852158
588 0.0088952 0.9856039
589 0.0083037 0.9862017
590 0.0076632 0.9868481
591 0.0071458 0.9873723
592 0.0068822 0.9876439
593 0.0069274 0.9876085
594 0.0072487 0.9872984
595 0.0077366 0.9868225
596 0.008237 0.9863342
597 0.0085949 0.9859877
598 0.0086965 0.9858945
599 0.0084987 0.9861018
600 0.0080375 0.9865697
601 0.0074245 0.987729
602 0.0067787 0.9873512
603 0.0062655 0.9875565
604 0.0059986 0.9884457
605 0.0060175 0.9882805
606 0.006317 0.9878185
607 0.0068251 0.987422
608 0.0074151 0.9863045
609 0.0079803 0.9872457
610 0.0083658 0.9865208
611 0.0085029 0.9850795
612 0.0084003 0.9857423
613 0.0080516 0.9843279
614 0.0076058 0.9873767
615 0.0070932 0.9869598
616 0.0066645 0.9867867
617 0.0064089 0.9865473
618 0.006396 0.9877898
619 0.0066102 0.9886258
620 0.0069944 0.9876981
621 0.0074879 0.9873244
622 0.0079819 0.9864029
623 0.0083828 0.9855149
624 0.0086179 0.9851297
625 0.0086414 0.9850708
626 0.0084551 0.985658
627 0.0080852 0.9856345
628 0.0076251 0.9871307
629 0.0071351 0.9874207
630 0.0067253 0.9883593
631 0.0064427 0.987341
632 0.0063705 0.9877234
633 0.0065041 0.9881789
634 0.0067995 0.9869782
635 0.0072362 0.9873444
636 0.0077082 0.9866229
637 0.008155 0.9867274
638 0.0084793 0.9854751
639 0.0086579 0.9855577
640 0.0086464 0.9852753
641 0.0084748 0.9867367
642 0.0081399 0.9863663
643 0.007731 0.9870811
644 0.0072932 0.9867102
645 0.0069187 0.9872112
646 0.0066657 0.9885829
647 0.0065464 0.9884516
648 0.0065889 0.9880845
649 0.0067913 0.9885543
650 0.0070938 0.9877131
651 0.0074532 0.9866301
652 0.0078197 0.9862302
653 0.008127 0.9858455
654 0.0083182 0.9846476
655 0.0083992 0.9860633
656 0.0083111 0.9854639
657 0.0080918 0.9851645
658 0.0077769 0.985516
659 0.0074263 0.9877936
660 0.0070393 0.9868745
661 0.0067242 0.9880713
662 0.0064827 0.9874703
663 0.0063684 0.9874561
664 0.0063913 0.98811
665 0.006518 0.9870617
666 0.0067433 0.9863711
667 0.0070407 0.9873258
668 0.0073201 0.9856348
669 0.0076016 0.9878999
670 0.0077577 0.98542
671 0.0078319 0.9853802
672 0.0077889 0.9854922
673 0.0076357 0.9861589
674 0.0073929 0.9874901
675 0.0070735 0.9875452
676 0.0067203 0.9864763
677 0.0064011 0.9868961
678 0.0061482 0.9879321
679 0.0059694 0.9870065
680 0.0059195 0.9878015
681 0.0059723 0.9870885
682 0.0061599 0.9891582
683 0.0064026 0.988344
684 0.0066953 0.9875426
685 0.0070026 0.9871949
686 0.0072737 0.986207
687 0.0074968 0.9869514
688 0.0076123 0.9860744
689 0.0076467 0.9876125
690 0.0075543 0.9870023
691 0.0073779 0.9870981
692 0.0071434 0.9877668
693 0.0068684 0.9872466
694 0.0066202 0.9880547
695 0.0064263 0.9887994
696 0.00632 0.9889708
697 0.0063248 0.9880869
698 0.0064877 0.9890806
699 0.0067875 0.9896313
700 0.007205 0.9890804
701 0.0077124 0.9873104
702 0.0083088 0.9877588
703 0.0089209 0.9876872
704 0.0094953 0.9864546
705 0.0099973 0.9851535
706 0.0103971 0.9846296
707 0.0106776 0.9859724
708 0.0107636 0.9836765
709 0.01074 0.985925
710 0.0105481 0.986127
711 0.0102256 0.9854878
712 0.0098383 0.9869244
713 0.0093748 0.9855147
714 0.0089522 0.9878669
715 0.0085361 0.9867701
716 0.0082319 0.9882562
717 0.0080291 0.9885606
718 0.0079364 0.9867036
719 0.0080249 0.9885104
720 0.008219 0.9877982
721 0.0085288 0.9872594
722 0.0089257 0.9869862
723 0.0093541 0.9852713
724 0.0097987 0.9845426
725 0.0102272 0.9855435
726 0.0105607 0.9846127
727 0.0107986 0.9844331
728 0.0109238 0.9853528
729 0.010892 0.9845144
730 0.0107152 0.9828304
731 0.0104592 0.9850205
732 0.0100776 0.9849743
733 0.0096457 0.9866615
734 0.0091647 0.9869798
735 0.0086784 0.9863628
736 0.0082618 0.9881313
737 0.0079018 0.988045
738 0.0076539 0.9885764
739 0.0075164 0.9878686
740 0.0075185 0.9877399
741 0.0076607 0.9884589
742 0.0079287 0.9898571
743 0.0082552 0.9878732
744 0.0086724 0.9880061
745 0.0091052 0.9865459
746 0.009558 0.9871529
747 0.0099502 0.9857146
748 0.0102931 0.9861504
749 0.010532 0.9858351
750 0.0106658 0.9863389
751 0.010679 0.9871223
752 0.0105381 0.9851068
753 0.0103147 0.9861763
754 0.0099894 0.9869914
755 0.009578 0.9868313
756 0.0091204 0.9867608
757 0.0086659 0.9885163
758 0.0081995 0.9876363
759 0.0078033 0.9890788
760 0.0074643 0.9890739
761 0.0072284 0.9900086
762 0.0070919 0.9902766
763 0.0070578 0.9895825
764 0.0071388 0.989389
765 0.0073261 0.9898529
766 0.0075917 0.9898553
767 0.0079148 0.9895557
768 0.0082532 0.9873282
769 0.0086351 0.9887131
770 0.0089663 0.9870673
771 0.0092684 0.9870836
772 0.009504 0.9871027
773 0.0096499 0.9863441
774 0.0097032 0.9855235
775 0.0096818 0.9867936
776 0.0095599 0.9871622
777 0.0093444 0.9863654
778 0.0091039 0.9898506
779 0.0087671 0.9882848
780 0.008416 0.9877945
781 0.008078 0.9886396
782 0.0077566 0.9887076
783 0.0074976 0.990539
784 0.0072751 0.989486
785 0.0071443 0.9896247
786 0.0070985 0.9894389
787 0.0071496 0.9897095
788 0.0072738 0.9882833
789 0.0075076 0.9896808
790 0.0078019 0.9903884
791 0.0081228 0.9887794
792 0.0084878 0.9887057
793 0.0088519 0.987923
794 0.0092209 0.9893316
795 0.0095158 0.9871303
796 0.0097851 0.9882108
797 0.0099421 0.9853683
798 0.0100402 0.9851945
799 0.0100607 0.98641
800 0.0099621 0.9849822
801 0.0098055 0.9866067
802 0.0095571 0.9868578
803 0.0092391 0.9866936
804 0.0088739 0.9866217
805 0.0084918 0.9878149
806 0.0080858 0.9874625
807 0.0076948 0.9872675
808 0.0073511 0.9884771
809 0.0070539 0.9890868
810 0.0068064 0.98799
811 0.0066659 0.9894975
812 0.0065911 0.9887503
813 0.0066206 0.9891278
814 0.0067376 0.9891051
815 0.0069371 0.9888942
816 0.0072178 0.9894341
817 0.0075535 0.9895359
818 0.0079133 0.9879863
819 0.0083205 0.9887974
820 0.0086942 0.9862204
821 0.0090832 0.9867979
822 0.0094307 0.9868563
823 0.0097165 0.9860146
824 0.0099399 0.9854645
825 0.010097 0.9857597
826 0.0101567 0.9845566
827 0.0101656 0.9863701
828 0.0100537 0.9844286
829 0.0098989 0.9854765
830 0.0096654 0.9852269
831 0.0093978 0.9866904
832 0.0090669 0.9857692
833 0.0087345 0.9866923
834 0.0083965 0.9875398
835 0.0080644 0.9877692
836 0.0077812 0.9899149
837 0.0074951 0.9878674
838 0.0072901 0.9882864
839 0.0071605 0.9898183
840 0.0070773 0.9892091
841 0.0070431 0.9864901
842 0.0071469 0.990086
843 0.0072574 0.9881533
844 0.0074345 0.9869662
845 0.007685 0.9880731
846 0.0079617 0.9882425
847 0.0082796 0.9901395
848 0.0085598 0.9876564
849 0.0088542 0.9869788
850 0.009153 0.9886043
851 0.0094013 0.9884576
852 0.0096128 0.9887839
853 0.0097531 0.9872049
854 0.0098503 0.9869176
855 0.009903 0.9881002
856 0.0098783 0.9875555
857 0.009809 0.9883538
858 0.0096709 0.9876114
859 0.0095021 0.9883267
860 0.0092945 0.9889019
861 0.0090599 0.9893677
862 0.0088045 0.989258
863 0.0085439 0.988992
864 0.0082945 0.9889999
865 0.0080657 0.9891519
866 0.0078684 0.9894891
867 0.007711 0.9900359
868 0.007588 0.9895217
869 0.0075249 0.9900625
870 0.0075148 0.9907315
871 0.0075369 0.9894091
872 0.0076187 0.9891358
873 0.0077548 0.989807
874 0.0079198 0.9894979
875 0.0081162 0.9892698
876 0.0083297 0.9885674
877 0.008549 0.9872476
878 0.0087891 0.9879362
879 0.009016 0.9882605
880 0.0092157 0.9877009
881 0.0093866 0.987066
882 0.0095344 0.9877662
883 0.0096352 0.9878109
884 0.0096815 0.9870422
885 0.0096883 0.9873007
886 0.0096441 0.9874088
887 0.0095537 0.9877564
888 0.0094181 0.9880581
889 0.0092387 0.9880994
890 0.0090257 0.9882328
891 0.0087864 0.9884364
892 0.0085282 0.9886359
893 0.0082609 0.9889096
894 0.0080013 0.9901409
895 0.00773 0.989105
896 0.0074965 0.9904034
897 0.0072718 0.9898921
898 0.0070874 0.990326
899 0.0069325 0.989849
900 0.0068299 0.9905387
901 0.0067726 0.9913136
902 0.00675 0.9908495
903 0.006769 0.990002
904 0.0068457 0.9908273
905 0.0069524 0.9905914
906 0.0071026 0.9913744
907 0.0072631 0.9900843
908 0.0074568 0.990058
909 0.0076713 0.990765
910 0.0078732 0.9892732
911 0.0080937 0.9899966
912 0.0082967 0.989663
913 0.0084777 0.9885477
914 0.0086543 0.9893192
915 0.0087923 0.9886879
916 0.0089018 0.9882803
917 0.0089818 0.9882747
918 0.0090262 0.9882003
919 0.0090334 0.9878885
920 0.0090131 0.9883324
921 0.0089462 0.9871481
922 0.0088678 0.9879002
923 0.0087676 0.9889705
924 0.0086259 0.9876617
925 0.0084823 0.9877375
926 0.0083253 0.9873061
927 0.0081703 0.9873849
928 0.0080227 0.9879005
929 0.0078851 0.9885301
930 0.0077549 0.9884199
931 0.0076409 0.9880087
932 0.0075577 0.9884653
933 0.0074758 0.9862969
934 0.0074463 0.9867893
935 0.0074254 0.9851207
936 0.007439 0.9840631
937 0.0074731 0.9822324
938 0.0075383 0.9809801
939 0.0076088 0.9778412
940 0.0077151 0.976455
941 0.0078263 0.9739697
942 0.0079609 0.972879
943 0.0081114 0.9728796
944 0.0082546 0.9720441
945 0.0084006 0.9719722
946 0.0085467 0.9729286
947 0.0086646 0.9723464
948 0.0087772 0.9730835
949 0.0088749 0.9744611
950 0.008944 0.975321
951 0.0089853 0.9759373
952 0.0089968 0.9761933
953 0.0089851 0.9768166
954 0.0089637 0.9791683
955 0.0088982 0.9794389
956 0.0088128 0.9799692
957 0.0087201 0.9818085
958 0.0085941 0.9818373
959 0.0084665 0.9830192
960 0.008318 0.98286
961 0.0081733 0.9835603
962 0.0080275 0.9841277
963 0.0078938 0.985543
964 0.0077588 0.9859196
965 0.0076356 0.9862341
966 0.0075224 0.9860605
967 0.007442 0.987569
968 0.007371 0.9879523
969 0.0073109 0.9872313
970 0.0072798 0.9873389
971 0.0072736 0.9878481
972 0.0072822 0.9877015
973 0.0073145 0.9879887
974 0.0073706 0.989134
975 0.0074227 0.988145
976 0.0075044 0.989255
977 0.007585 0.989297
978 0.0076703 0.9893098
979 0.0077582 0.9896032
980 0.0078366 0.989117
981 0.0079079 0.9885664
982 0.0079839 0.9898277
983 0.0080316 0.9892015
984 0.0080614 0.9882993
985 0.0080885 0.9893747
986 0.0080916 0.9899295
987 0.0080637 0.9891645
988 0.0080192 0.9890369
989 0.0079571 0.989408
990 0.0078672 0.9887929
991 0.0077684 0.9896392
992 0.0076495 0.9901418
993 0.0075131 0.990392
994 0.0073687 0.9912893
995 0.0072004 0.9901147
996 0.007036 0.9904108
997 0.006871 0.9910538
998 0.0067012 0.9908545
999 0.0065386 0.9911082
1000 0.0063855 0.9916599
1001 0.006243 0.9921977
1002 0.0061112 0.9922711
1003 0.005995 0.9922021
1004 0.0058969 0.9921378
1005 0.005826 0.99326
1006 0.0057666 0.9927405
1007 0.0057313 0.9925808
1008 0.005725 0.9935555
1009 0.005728 0.9924026
1010 0.0057592 0.9924971
1011 0.0058091 0.992412
1012 0.005879 0.9926581
1013 0.0059649 0.9928719
1014 0.0060626 0.9927193
1015 0.0061696 0.9921852
1016 0.006287 0.9918945
1017 0.0064157 0.9924897
1018 0.0065441 0.9923976
1019 0.0066673 0.991147
1020 0.0068007 0.9918624
1021 0.0069258 0.9916743
1022 0.0070483 0.9918693
1023 0.0071551 0.9906078
1024 0.0072671 0.9913427
1025 0.0073655 0.9911912
1026 0.0074553 0.9910724
1027 0.0075369 0.9909993
1028 0.0076131 0.99145
1029 0.0076774 0.9911034
1030 0.0077313 0.9901622
1031 0.0077907 0.9906264
1032 0.0078445 0.9907404
1033 0.0078998 0.9909976
1034 0.0079499 0.9903133
1035 0.0080162 0.9910559
1036 0.0080798 0.9905824
1037 0.0081584 0.9905448
1038 0.008252 0.9906043
1039 0.008362 0.9905192
1040 0.0084852 0.9895409
1041 0.0086438 0.9895127
1042 0.0088397 0.99007
1043 0.0090488 0.9885571
1044 0.0093316 0.9898903
1045 0.0096273 0.9883115
1046 0.0099978 0.9883963
1047 0.0104228 0.987869
1048 0.0109234 0.9876705
1049 0.0115011 0.9871783
1050 0.0121739 0.9868244
1051 0.0129359 0.9854448
1052 0.0138254 0.9845889
1053 0.0148492 0.9836053
1054 0.0160211 0.9822832
1055 0.0173756 0.9815363
1056 0.0189097 0.9798767
1057 0.0206713 0.9785708
1058 0.022646 0.9756992
1059 0.0249171 0.9738269
1060 0.0274701 0.9708733
1061 0.0303629 0.9681445
1062 0.0336205 0.9653072
1063 0.037259 0.9615855
1064 0.0412993 0.9566226
1065 0.045849 0.9530941
1066 0.0508532 0.9478944
1067 0.0563721 0.9419843
1068 0.0624748 0.9366742
1069 0.0690784 0.9285721
1070 0.0763555 0.922209
1071 0.0842303 0.9147749
1072 0.0927126 0.9061922
1073 0.1018337 0.897095
1074 0.111574 0.8869482
1075 0.1219765 0.8769833
1076 0.1329557 0.8653379
1077 0.1446034 0.8547604
1078 0.1567544 0.841874
1079 0.1694742 0.8290697
1080 0.1826912 0.815622
1081 0.196406 0.8026377
1082 0.2104782 0.7880112
1083 0.2249707 0.7744173
1084 0.239719 0.7595265
1085 0.2546678 0.7435043
1086 0.2698583 0.7284885
1087 0.2851658 0.7132638
1088 0.3005404 0.6980408
1089 0.3159483 0.683307
1090 0.3312451 0.6674485
1091 0.3464707 0.6523831
1092 0.3615448 0.6374109
1093 0.376434 0.6229064
1094 0.3910443 0.607781
1095 0.4054112 0.5935573
1096 0.4194478 0.5791634
1097 0.4332017 0.5660036
1098 0.4465546 0.552383
1099 0.4595588 0.5398893
1100 0.4721111 0.5266311
